1 926
1 974
1 883
1 830
1 812
1 806
1 803
1 932
1 973
1 906
1 822
1 931
1 833
1 798
1 857
1 946
1 837
1 893
1 858
1 902
1 896
1 942
1 860
1 910
1 982
1 828
1 819
1 918
1 969
1 930
1 955
1 870
1 895
1 943
1 802
1 813
1 890
1 937
1 987
1 874
1 841
1 919
1 905
1 923
1 954
1 908
1 815
1 851
1 809
1 929
1 875
1 940
1 834
1 920
1 816
1 993
1 882
1 945
1 876
1 801
1 850
1 839
1 872
1 848
1 938
1 859
1 965
1 853
1 935
1 956
1 959
1 939
1 818
1 970
1 989
1 962
1 814
1 985
1 964
1 821
1 827
1 976
1 900
1 898
1 953
1 960
1 916
1 922
1 952
1 873
1 979
1 825
1 990
1 958
1 941
1 968
1 894
1 949
1 845
1 847
1 947
1 823
1 967
1 948
1 961
1 817
1 804
1 892
1 836
1 835
1 983
1 810
1 994
1 999
1 843
1 934
1 924
1 971
1 991
1 984
1 863
1 861
1 914
1 992
1 856
1 903
1 886
1 887
1 998
1 844
1 862
1 981
1 849
1 826
1 807
1 866
1 978
1 864
1 884
1 811
1 838
1 854
1 904
1 913
1 907
1 951
1 944
1 881
1 995
1 891
1 865
1 885
1 917
1 831
1 842
1 928
1 972
1 800
1 878
1 799
1 988
1 869
1 921
1 933
1 877
1 897
1 912
1 889
1 855
1 846
1 899
1 820
1 986
1 950
1 911
1 868
1 996
1 879
1 997
1 871
1 808
1 824
1 829
1 915
1 901
1 980
1 832
1 963
1 840
1 927
1 975
1 977
1 852
1 966
1 909
1 888
1 867
1 936
1 880
1 925
1 957
1 805
1 128
1 137
1 127
1 344
1 688
1 702
1 306
1 729
1 173
1 273
1 83
1 29
1 303
1 98
1 332
1 221
1 605
1 14
1 619
1 154
1 177
1 769
1 368
1 351
1 39
1 100
1 54
1 736
1 648
1 318
1 735
1 746
1 56
1 693
1 678
1 132
1 345
1 37
1 776
1 341
1 279
1 65
1 258
1 216
1 632
1 111
1 248
1 337
1 218
1 618
1 196
1 62
1 158
1 534
1 52
1 113
1 61
1 126
1 204
1 677
1 33
1 66
1 295
1 149
1 207
1 227
1 331
1 35
1 267
1 195
1 371
1 237
1 679
1 107
1 28
1 89
1 696
1 122
1 60
1 673
1 67
1 5
1 69
1 353
1 157
1 88
1 606
1 139
1 236
1 716
1 783
1 241
1 675
1 327
1 785
1 308
1 108
1 26
1 16
1 160
1 150
1 260
1 9
1 790
1 751
1 136
1 297
1 101
1 224
1 125
1 140
1 272
1 261
1 203
1 85
1 143
1 183
1 70
1 293
1 13
1 764
1 142
1 709
1 46
1 250
1 76
1 379
1 347
1 45
1 186
1 363
1 231
1 317
1 115
1 79
1 486
1 447
1 243
1 240
1 49
1 287
1 647
1 53
1 27
1 156
1 2
1 316
1 81
1 364
1 259
1 169
1 705
1 570
1 190
1 117
1 278
1 71
1 667
1 642
1 681
1 646
1 96
1 153
1 742
1 556
1 643
1 703
1 342
1 18
1 292
1 359
1 328
1 668
1 254
1 461
1 381
1 199
1 25
1 791
1 161
1 656
1 93
1 187
1 233
1 109
1 256
1 352
1 682
1 23
1 283
1 653
1 77
1 663
1 141
1 51
1 377
1 144
1 105
1 366
1 24
1 20
1 326
1 74
1 590
1 180
1 92
1 91
1 94
1 333
1 176
1 152
1 717
1 75
1 427
1 599
1 436
1 201
1 620
1 330
1 765
1 266
1 104
1 78
1 355
1 286
1 252
1 119
1 600
1 211
1 34
1 185
1 41
1 189
1 30
1 198
1 47
1 700
1 380
1 652
1 235
1 268
1 44
1 193
1 542
1 528
1 294
1 775
1 215
1 164
1 120
1 323
1 737
1 276
1 734
1 271
1 280
1 123
1 232
1 315
1 10
1 335
1 95
1 609
1 208
1 399
1 19
1 130
1 385
1 138
1 264
1 3
1 354
1 50
1 212
1 253
1 0
1 285
1 773
1 269
1 220
1 209
1 593
1 171
1 754
1 531
1 629
1 48
1 36
1 134
1 357
1 499
1 633
1 376
1 608
1 42
1 22
1 378
1 726
1 255
1 58
1 6
1 11
1 367
1 319
1 369
1 291
1 155
1 121
1 1
1 422
1 607
1 284
1 421
1 214
1 246
1 336
1 32
1 314
1 72
1 159
1 350
1 797
1 135
1 321
1 309
1 226
1 251
1 358
1 320
1 515
1 361
1 437
1 512
1 265
1 395
1 145
1 689
1 296
1 239
1 205
1 102
1 307
1 166
1 329
1 301
1 217
1 558
1 213
1 57
1 87
1 374
1 338
1 300
1 650
1 339
1 708
1 637
1 244
1 484
1 99
1 365
1 424
1 625
1 348
1 118
1 684
1 229
1 290
1 282
1 225
1 454
1 245
1 725
1 449
1 270
1 373
1 249
1 545
1 325
1 304
1 188
1 129
1 435
1 305
1 701
1 483
1 322
1 434
1 756
1 384
1 281
1 672
1 311
1 80
1 277
1 31
1 112
1 313
1 710
1 654
1 386
1 400
1 602
1 459
1 334
1 707
1 17
1 349
1 788
1 375
1 64
1 659
1 219
1 324
1 604
1 106
1 148
1 133
1 289
1 222
1 430
1 397
1 370
1 234
1 298
1 343
1 238
1 416
1 242
1 192
1 38
1 781
1 210
1 661
1 103
1 557
1 68
1 410
1 544
1 778
1 274
1 724
1 567
1 151
1 469
1 748
1 572
1 275
1 597
1 747
1 340
1 312
1 372
1 573
1 645
1 431
1 383
1 382
1 206
1 786
1 247
1 346
1 473
1 694
1 288
1 362
1 302
1 263
1 792
1 536
1 728
1 360
1 299
1 310
1 658
1 616
1 228
1 543
1 131
1 59
1 624
1 613
1 571
1 674
1 356
1 230
1 626
1 649
1 627
1 478
1 387
1 223
1 165
1 12
1 182
1 634
1 752
1 526
1 413
1 257
1 683
1 722
1 636
1 4
1 530
1 610
1 568
1 163
1 518
1 670
1 15
1 714
1 631
1 744
1 665
1 796
1 758
1 262
1 580
1 595
1 485
1 402
1 415
1 715
1 777
1 713
1 55
1 598
1 577
1 116
1 181
1 770
1 787
1 711
1 516
1 498
1 666
1 464
1 7
1 614
1 491
1 698
1 664
1 699
1 704
1 391
1 662
1 73
1 727
1 426
1 97
1 685
1 745
1 706
1 757
1 760
1 780
1 669
1 795
1 162
1 772
1 692
1 793
1 504
1 481
1 794
1 428
1 779
1 601
1 687
1 732
1 676
1 731
1 114
1 579
1 172
1 527
1 720
1 585
1 733
1 766
1 695
1 475
1 178
1 691
1 763
1 581
1 768
1 184
1 739
1 611
1 680
1 753
1 438
1 712
1 503
1 623
1 738
1 86
1 660
1 639
1 90
1 549
1 396
1 644
1 657
1 762
1 194
1 617
1 697
1 84
1 755
1 621
1 771
1 741
1 489
1 655
1 651
1 630
1 774
1 718
1 21
1 513
1 638
1 743
1 442
1 403
1 730
1 628
1 759
1 588
1 594
1 789
1 603
1 393
1 782
1 640
1 723
1 418
1 635
1 456
1 784
1 167
1 612
1 40
1 517
1 533
1 452
1 750
1 721
1 767
1 532
1 63
1 8
1 671
1 761
1 740
1 455
1 641
1 451
1 749
1 429
1 448
1 200
1 719
1 401
1 615
1 202
1 690
1 686
1 548
1 622
1 510
1 564
1 408
1 487
1 417
1 508
1 146
1 110
1 420
1 174
1 124
1 443
1 170
1 582
1 465
1 179
1 432
1 168
1 555
1 474
1 392
1 538
1 540
1 409
1 191
1 147
1 522
1 472
1 520
1 479
1 509
1 476
1 584
1 411
1 554
1 450
1 500
1 414
1 445
1 591
1 587
1 406
1 470
1 502
1 523
1 569
1 514
1 482
1 541
1 441
1 82
1 446
1 390
1 462
1 494
1 480
1 566
1 407
1 175
1 546
1 592
1 521
1 394
1 419
1 197
1 423
1 578
1 496
1 493
1 466
1 551
1 444
1 552
1 497
1 412
1 43
1 467
1 492
1 507
1 519
1 586
1 562
1 561
1 560
1 589
1 535
1 583
1 537
1 547
1 477
1 563
1 405
1 463
1 501
1 505
1 506
1 468
1 596
1 425
1 440
1 389
1 433
1 490
1 576
1 529
1 559
1 574
1 404
1 575
1 439
1 539
1 495
1 524
1 458
1 457
1 550
1 488
1 460
1 453
1 398
1 471
1 511
1 553
1 565
1 525
1 388
